# EMX-07
0.000000000000000000e+00 0.000000000000000000e+00
1.010101010101010187e-02 3.957096021833880414e-03
2.020202020202020374e-02 6.876140241689056992e-03
3.030303030303030387e-02 9.175087253669545612e-03
4.040404040404040747e-02 1.112903412647144388e-02
5.050505050505051108e-02 1.289090968155198746e-02
6.060606060606060774e-02 1.448188406597625613e-02
7.070707070707071829e-02 1.594347692933057239e-02
8.080808080808081495e-02 1.728145607818754037e-02
9.090909090909091161e-02 1.850235631463955505e-02
1.010101010101010222e-01 1.961389312130933787e-02
1.111111111111111188e-01 2.061607953785353498e-02
1.212121212121212155e-01 2.151051789117971666e-02
1.313131313131313260e-01 2.229941205556188258e-02
1.414141414141414366e-01 2.298277551970315594e-02
1.515151515151515194e-01 2.356283241657735478e-02
1.616161616161616299e-01 2.405572794777604759e-02
1.717171717171717404e-01 2.446468080672248649e-02
1.818181818181818232e-01 2.478969099341666454e-02
1.919191919191919338e-01 2.503508825816047265e-02
2.020202020202020443e-01 2.521812073886427891e-02
2.121212121212121271e-01 2.534057665436613427e-02
2.222222222222222376e-01 2.540245600466601444e-02
2.323232323232323482e-01 2.540393748250103709e-02
2.424242424242424310e-01 2.534651025920859474e-02
2.525252525252525415e-01 2.523050803898013728e-02
2.626262626262626521e-01 2.505593082181568204e-02
2.727272727272727626e-01 2.482277860771521516e-02
2.828282828282828731e-01 2.454224827320811153e-02
2.929292929292929282e-01 2.422834638662414025e-02
3.030303030303030387e-01 2.388111568336201071e-02
3.131313131313131493e-01 2.350055616342174719e-02
3.232323232323232598e-01 2.308692853653851462e-02
3.333333333333333703e-01 2.264777278277335312e-02
3.434343434343434809e-01 2.218656195094134698e-02
3.535353535353535914e-01 2.170329604104248578e-02
3.636363636363636465e-01 2.119797505307679034e-02
3.737373737373737570e-01 2.067104064842235911e-02
3.838383838383838675e-01 2.012971179135202709e-02
3.939393939393939781e-01 1.957652884332754598e-02
4.040404040404040886e-01 1.901149180434892616e-02
4.141414141414141992e-01 1.843460067441615724e-02
4.242424242424242542e-01 1.784601761381032770e-02
4.343434343434343647e-01 1.724980069776520242e-02
4.444444444444444753e-01 1.664770929997869825e-02
4.545454545454545858e-01 1.603974342045081172e-02
4.646464646464646964e-01 1.542590305918153763e-02
4.747474747474748069e-01 1.480620941649422699e-02
4.848484848484848619e-01 1.418391751538003107e-02
4.949494949494949725e-01 1.356136979362117419e-02
5.050505050505050830e-01 1.293856625121766503e-02
5.151515151515152491e-01 1.231550688816949145e-02
5.252525252525253041e-01 1.169219170447666906e-02
5.353535353535353591e-01 1.107057036330052341e-02
5.454545454545455252e-01 1.045335209280637626e-02
5.555555555555555802e-01 9.840554538495744144e-03
5.656565656565657463e-01 9.232177700368611462e-03
5.757575757575758013e-01 8.628221578424997290e-03
5.858585858585858563e-01 8.030002119224903881e-03
5.959595959595960224e-01 7.440554613196172923e-03
6.060606060606060774e-01 6.860000350241186526e-03
6.161616161616162435e-01 6.288339330359916934e-03
6.262626262626262985e-01 5.725571553552388435e-03
6.363636363636364646e-01 5.173764781676646121e-03
6.464646464646465196e-01 4.638794989157103352e-03
6.565656565656565746e-01 4.121021672295992200e-03
6.666666666666667407e-01 3.620444831093310931e-03
6.767676767676767957e-01 3.137064465549073422e-03
6.868686868686869618e-01 2.673376764335195707e-03
6.969696969696970168e-01 2.234800946649889014e-03
7.070707070707071829e-01 1.821524392723672739e-03
7.171717171717172379e-01 1.433547102556555555e-03
7.272727272727272929e-01 1.070858054949188481e-03
7.373737373737374590e-01 7.298450411415708522e-04
7.474747474747475140e-01 4.076204547956065877e-04
7.575757575757576801e-01 1.041842959112956879e-04
7.676767676767677351e-01 -1.804634355113618471e-04
7.777777777777777901e-01 -4.469224878008645763e-04
7.878787878787879562e-01 -6.978692673173612221e-04
7.979797979797980112e-01 -9.336249287635340482e-04
8.080808080808081773e-01 -1.154189472139386524e-03
8.181818181818182323e-01 -1.359168432235699497e-03
8.282828282828283983e-01 -1.544757022868124829e-03
8.383838383838384534e-01 -1.710000139536928601e-03
8.484848484848485084e-01 -1.854897782242111680e-03
8.585858585858586745e-01 -1.978146024294750310e-03
8.686868686868687295e-01 -2.073204274068048136e-03
8.787878787878788955e-01 -2.139171511811779197e-03
8.888888888888889506e-01 -2.176005779025802153e-03
8.989898989898991166e-01 -2.176851616132498800e-03
9.090909090909091717e-01 -2.136724760883108257e-03
9.191919191919192267e-01 -2.055626757942143577e-03
9.292929292929293927e-01 -1.934471575562049083e-03
9.393939393939394478e-01 -1.774033319776185946e-03
9.494949494949496138e-01 -1.574141967542995631e-03
9.595959595959596689e-01 -1.333573605227709753e-03
9.696969696969697239e-01 -1.052672602300323054e-03
9.797979797979798899e-01 -7.383635927064550065e-04
9.898989898989899450e-01 -3.898712042491689778e-04
1.000000000000000000e+00 0.000000000000000000e+00
